43131
326
64661
14477
19166
4630
63586
61667
14747
47502
25784
53211
48652
19679
18574
7759
3520
52408
32177
41655
52539
46773
39233
41051
30303
13112
30465
14200
34073
14839
51113
26259
28434
5170
33943
13430
44805
60200
28512
14849
8126
30597
14764
47305
42713
5029
48155
10796
47337
21295
55651
8154
39348
18020
39037
62860
49221
60256
25779
8583
26983
15160
45105
31041
59545
14600
54382
63204
35166
28028
38582
3654
64910
3778
15716
27081
11041
33580
26513
40043
16662
84
37872
31691
63936
20939
24508
5575
54634
42294
25470
40767
29897
61079
17293
65411
29644
43729
5581
21356
46245
38894
57210
42770
48546
20327
21755
21265
877
28132
38236
42321
60035
19158
43682
27351
16027
57460
45870
23317
29517
57007
48531
31584
26409
29123
17237
9503
40804
49987
30458
8451
7934
60253
8701
8078
34483
60332
59116
63853
5052
28014
26135
29487
12293
42739
63420
34217
32853
53078
38900
20821
61647
30931
56967
13664
65520
41250
49827
62742
6289
8378
48852
15932
58888
48572
10364
15114
16215
43537
9814
32957
12504
50666
18037
41724
17411
3297
56577
57867
62567
3172
56651
55586
9321
55911
1302
12399
52704
29602
60032
14016
24178
44327
44517
56968
34815
32291
54976
1121
30395
39055
52042
40832
39603
23114
41519
43516
38514
41031
64319
13483
39249
799
33463
25520
61289
21413
41463
35701
62450
42894
15182
33780
47759
1537
44130
41088
43472
27105
28368
50781
12889
49357
47122
31563
43971
12707
21484
47201
57294
63658
30424
64472
46902
47658
31532
51126
60969
17130
58268
8728
25389
16476
52017
6184
65109
50489
17725
60701
62005
12943
29337
56598
8378
56653
2941
61012
15702
3460
21032
38125
12563
35554
18766
13129
46447
8664
19768
12103
52554
31340
61187
14013
2433
21890
379
55441
34191
11052
60971
8194
31183
5409
41621
57429
45352
36770
8233
46574
16626
37182
6436
61841
35001
45965
8141
4316
50475
5059
4142
40634
50160
26344
17788
17800
30110
45639
20243
5448
64990
43410
40111
63674
20546
57850
39288
42743
36972
38816
63691
2575
3757
31297
20937
47381
27818
57982
18097
19034
57608
33626
17998
38026
45816
30551
55158
32864
28628
50837
25571
33642
29496
53110
43044
54523
38475
30203
34010
41805
2696
35729
39293
7633
59524
26983
13722
54709
2370
26415
8725
25653
41385
24437
5104
16951
26934
17821
17477
29680
2023
26827
24893
61498
8539
5664
30918
13287
44253
9367
31455
6272
53616
37218
52740
2288
12985
48455
12182
61637
21828
24119
45916
35153
26455
42214
21425
56875
36013
62
50928
21931
38894
59535
35145
11590
35406
3855
33727
592
63801
37604
60644
43250
43204
39130
56602
39508
57645
64907
14887
43857
47832
16310
43959
27583
22676
8718
1942
36504
43209
38159
20475
31433
15400
62112
60271
46467
20951
29413
5166
12281
48651
33710
46884
48543
30347
38600
43195
37770
39351
22332
31244
53188
50559
36557
35764
44675
46522
27496
42813
27999
57754
7399
19500
30800
16346
50600
36286
35702
24052
37211
24881
3543
35200
5258
19817
18051
14571
16695
47983
52558
2943
43545
38464
64644
21781
10763
20422
22612
401
33060
51973
9452
52236
2131
39003
27664
65319
14349
37720
53329
48217
41525
28912
62804
47204
60388
33968
21494
24807
52385
49807
50438
64346
42725
19686
18327
54724
48357
10702
53088
32494
42417
46132
42526
60196
36165
8761
61097
48620
3782
57308
37912
52456
30514
18601
47249
36408
55316
31189
2322
4628
10783
62869
4940
34081
32446
50483
23365
64770
53792
51111
56844
33607
58710
12838
30499
21047
54729
46619
11915
62359
9514
47055
24255
12584
3837
59830
23464
25169
24433
5439
26390
51029
18076
60003
19302
4623
41832
7768
35770
35721
1865
42669
16567
7762
52925
25718
7009
60455
28597
31168
46070
35843
58819
56840
62032
197
35104
39834
38639
25067
49504
43909
29124
56471
51973
22156
50129
33815
6312
47979
26024
37972
57638
62540
15485
38556
56458
55846
5200
59288
32093
37924
19971
40274
37920
44567
50702
49925
64249
778
41528
26444
59497
15135
11462
32137
56705
15778
51134
5694
54924
52307
13799
51347
49446
31620
48887
15142
4077
36299
64355
51250
10050
33344
43165
4806
59303
46003
47760
44358
42406
34292
51474
26068
52550
50954
61966
31061
25498
3194
45462
29178
48326
37807
2586
18605
31701
8055
34557
2556
15408
16053
13543
40146
52936
39130
2954
52380
30567
16160
34540
42610
3324
31889
18448
60192
51959
20085
41276
31581
17783
8574
28284
31110
38647
59842
43598
31283
4174
25331
54891
43982
33613
42779
48099
56011
33251
13134
49770
46309
30442
30363
24274
36736
28536
44903
62214
13598
25556
57704
10233
10482
12809
16878
60109
18241
45575
31838
2977
25310
170
31994
11486
17551
33662
3909
34559
24092
12239
3927
44472
18785
17415
25795
20914
20714
7982
41557
9293
23851
63391
21108
58209
42000
25663
31793
59299
57858
33393
19404
48093
2184
52087
31309
35709
39179
46544
48564
1633
3756
7867
21976
31951
6745
17845
33798
58075
11560
15295
11425
29958
6184
60051
1367
23136
62232
59705
63260
47449
9848
56217
58551
50720
22052
1572
60405
49586
2433
32181
50253
14994
43652
8834
53419
4330
48760
39899
18182
23201
55337
19785
56828
48731
35737
48507
23207
53523
52615
59256
11836
28428
25986
14367
55059
36986
1468
39035
41681
17141
57665
27027
43653
58463
13574
5209
52580
35109
48038
8226
7687
20602
54222
16473
45200
58302
47038
38593
14465
13615
19894
26384
6945
58137
14216
37676
59919
12946
3944
39176
63513
1416
31552
9307
29831
19899
35628
2944
11551
30595
58593
14283
31064
60966
37222
17118
34827
58930
63147
48256
12330
58206
1932
6876
52135
13477
1236
21194
36085
50502
7497
19096
8943
59963
48054
38936
34658
11169
40126
55032
8523
48875
44311
63098
18620
27593
55330
536
64931
49285
4194
32663
49348
50598
1088
43693
58689
10781
49904
49968
1306
11085
33923
47775
6885
11566
24249
49537
59951
6392
51853
14386
5491
39470
61187
4624
30677
17687
61590
51599
63783
35993
25583
6074
14061
19140
8974
65153
38210
64694
26364
41753
55496
53980
17206
32945
34695
24467
39889
46220
25664
10863
59821
24257
17923
19462
43522
10102
59279
42860
5422
769
38660
29089
42371
61572
43377
46742
